0.502863
0.532735
0.587306
0.240997
0.458491
0.475299
0.538141
0.473967
0.475140
0.563018
0.301815
0.368623
0.512185
0.621790
0.660689
0.415050
0.503429
0.560950
0.444168
0.357313
0.553445
0.347043
0.514707
0.535589
0.484209
0.595535
0.547238
0.633112
0.523453
0.390630
0.368835
0.444736
0.437678
0.523859
0.605611
0.555026
0.561754
0.597618
0.531694
0.695217
0.418605
0.543178
0.572940
0.588890
0.594877
0.635608
0.415896
0.510547
0.455324
0.429554
0.516275
0.504053
0.478351
0.544025
0.402288
0.643501
0.456562
0.446880
0.338978
0.513306
0.589879
0.486992
0.533663
0.545196
0.355219
0.478294
0.407020
0.477043
0.426766
0.440533
0.394836
0.536518
0.435742
0.559045
0.625395
0.635044
0.587719
0.490450
0.559103
0.523032
0.400031
0.539028
0.666583
0.313238
0.568071
0.506234
0.740216
0.611454
0.353360
0.438252
0.490007
0.469076
0.556865
0.441548
0.433066
0.482775
0.514984
0.429152
0.460927
0.455528

